8 8 0 0 
24 8 0 0 
40 8 0 0 
56 8 0 0 
72 8 2 0 
88 8 1 0 
104 8 0 0 
120 8 0 0 
136 8 0 0 
152 8 0 0 
168 8 -7 -7 
184 8 0 0 
200 8 0 0 
216 8 0 0 
232 8 0 0 
248 8 -3 -5 
264 8 0 0 
280 8 0 0 
296 8 -4 -6 
312 8 0 0 
328 8 1 -1 
344 8 0 0 
8 24 0 0 
24 24 2 0 
40 24 2 0 
56 24 2 0 
72 24 0 0 
88 24 0 0 
104 24 0 0 
120 24 0 0 
136 24 0 0 
152 24 0 0 
168 24 0 0 
184 24 0 0 
200 24 0 0 
216 24 0 0 
232 24 0 0 
248 24 -6 -7 
264 24 -2 -3 
280 24 2 0 
296 24 1 -1 
312 24 1 -1 
328 24 -1 -3 
344 24 0 -2 
8 40 0 1 
24 40 2 0 
40 40 0 0 
56 40 0 0 
72 40 0 0 
88 40 2 0 
104 40 4 -1 
120 40 0 0 
136 40 0 0 
152 40 0 0 
168 40 0 0 
184 40 0 0 
200 40 0 0 
216 40 0 0 
232 40 0 0 
248 40 0 0 
264 40 1 -1 
280 40 2 0 
296 40 0 0 
312 40 2 0 
328 40 1 -1 
344 40 0 -2 
8 56 0 0 
24 56 0 0 
40 56 0 0 
56 56 1 0 
72 56 1 0 
88 56 1 0 
104 56 2 0 
120 56 0 0 
136 56 0 0 
152 56 0 0 
168 56 0 0 
184 56 0 0 
200 56 0 0 
216 56 0 0 
232 56 0 0 
248 56 5 -7 
264 56 0 0 
280 56 1 0 
296 56 -5 -6 
312 56 1 -1 
328 56 1 -1 
344 56 -5 -7 
8 72 0 1 
24 72 2 0 
40 72 1 0 
56 72 1 0 
72 72 0 0 
88 72 0 0 
104 72 0 0 
120 72 0 0 
136 72 -7 -7 
152 72 0 0 
168 72 -7 -7 
184 72 -7 -7 
200 72 -7 -7 
216 72 -7 -7 
232 72 -6 -7 
248 72 -7 -7 
264 72 6 4 
280 72 0 0 
296 72 6 5 
312 72 1 -1 
328 72 1 -1 
344 72 0 -2 
8 88 0 1 
24 88 0 0 
40 88 0 0 
56 88 0 0 
72 88 0 0 
88 88 0 0 
104 88 0 0 
120 88 -7 -7 
136 88 -7 -7 
152 88 -7 -7 
168 88 -7 -7 
184 88 -7 -7 
200 88 4 -5 
216 88 -5 -5 
232 88 -7 -1 
248 88 -2 -5 
264 88 -7 7 
280 88 3 1 
296 88 0 0 
312 88 3 1 
328 88 1 -1 
344 88 0 -2 
8 104 0 0 
24 104 0 0 
40 104 0 0 
56 104 0 0 
72 104 2 0 
88 104 6 -1 
104 104 1 -7 
120 104 7 4 
136 104 -6 -7 
152 104 -7 -7 
168 104 7 -6 
184 104 -7 -5 
200 104 4 -7 
216 104 -7 -1 
232 104 -5 -7 
248 104 -5 -7 
264 104 0 0 
280 104 2 0 
296 104 2 0 
312 104 0 0 
328 104 1 -1 
344 104 0 -2 
8 120 0 1 
24 120 2 0 
40 120 2 0 
56 120 2 0 
72 120 0 0 
88 120 7 3 
104 120 5 3 
120 120 -1 3 
136 120 -7 -7 
152 120 0 -7 
168 120 7 -7 
184 120 -7 -4 
200 120 -7 -7 
216 120 6 7 
232 120 -7 -5 
248 120 1 0 
264 120 0 0 
280 120 0 0 
296 120 -2 -3 
312 120 5 3 
328 120 0 0 
344 120 0 -2 
8 136 0 1 
24 136 2 0 
40 136 2 0 
56 136 1 0 
72 136 0 0 
88 136 0 0 
104 136 4 1 
120 136 -3 -1 
136 136 -7 -7 
152 136 -6 2 
168 136 -7 -1 
184 136 -7 -7 
200 136 7 -7 
216 136 6 3 
232 136 -7 -7 
248 136 2 0 
264 136 0 0 
280 136 0 0 
296 136 0 0 
312 136 0 0 
328 136 2 0 
344 136 0 -2 
8 152 0 0 
24 152 0 0 
40 152 0 0 
56 152 2 0 
72 152 1 0 
88 152 0 0 
104 152 0 0 
120 152 -4 7 
136 152 -7 -5 
152 152 -7 -3 
168 152 -7 -3 
184 152 -7 -7 
200 152 7 7 
216 152 7 -7 
232 152 7 -5 
248 152 -1 -4 
264 152 0 0 
280 152 0 0 
296 152 0 0 
312 152 0 0 
328 152 0 0 
344 152 -6 -7 
8 168 0 0 
24 168 0 0 
40 168 0 0 
56 168 0 0 
72 168 2 0 
88 168 2 0 
104 168 0 0 
120 168 0 -1 
136 168 -3 7 
152 168 -7 -7 
168 168 2 7 
184 168 2 6 
200 168 -7 0 
216 168 -7 7 
232 168 7 -7 
248 168 -3 2 
264 168 0 0 
280 168 0 0 
296 168 0 0 
312 168 0 0 
328 168 0 0 
344 168 0 -2 
8 184 0 0 
24 184 0 0 
40 184 0 0 
56 184 0 0 
72 184 0 0 
88 184 2 0 
104 184 0 0 
120 184 1 -1 
136 184 -7 -1 
152 184 -6 5 
168 184 -7 -1 
184 184 6 3 
200 184 -7 -7 
216 184 -7 -7 
232 184 -7 7 
248 184 -6 -7 
264 184 0 0 
280 184 0 0 
296 184 0 0 
312 184 -2 -3 
328 184 0 0 
344 184 0 0 
8 200 0 0 
24 200 0 0 
40 200 0 0 
56 200 0 0 
72 200 0 0 
88 200 0 0 
104 200 2 0 
120 200 3 -2 
136 200 -7 3 
152 200 -7 0 
168 200 -7 -4 
184 200 -7 7 
200 200 -7 2 
216 200 -7 -3 
232 200 4 6 
248 200 -7 -7 
264 200 0 0 
280 200 0 0 
296 200 0 0 
312 200 0 0 
328 200 0 0 
344 200 -2 -3 
8 216 0 0 
24 216 0 0 
40 216 0 0 
56 216 0 0 
72 216 0 0 
88 216 0 0 
104 216 2 0 
120 216 2 -1 
136 216 5 -2 
152 216 4 -2 
168 216 -3 5 
184 216 -7 5 
200 216 -7 -7 
216 216 -7 -7 
232 216 -7 -7 
248 216 0 0 
264 216 0 0 
280 216 0 0 
296 216 0 0 
312 216 0 0 
328 216 0 0 
344 216 0 0 
8 232 0 0 
24 232 0 0 
40 232 0 0 
56 232 0 0 
72 232 0 0 
88 232 0 0 
104 232 0 0 
120 232 2 0 
136 232 3 -2 
152 232 4 -2 
168 232 0 -1 
184 232 7 2 
200 232 -4 -1 
216 232 -5 -5 
232 232 3 -1 
248 232 -2 -5 
264 232 0 0 
280 232 0 0 
296 232 0 0 
312 232 0 0 
328 232 0 0 
344 232 0 0 
8 248 0 0 
24 248 0 0 
40 248 0 0 
56 248 0 0 
72 248 0 0 
88 248 0 0 
104 248 0 0 
120 248 3 0 
136 248 4 -1 
152 248 4 -2 
168 248 4 -2 
184 248 4 -2 
200 248 -2 -6 
216 248 -7 -5 
232 248 3 -6 
248 248 7 7 
264 248 2 0 
280 248 2 0 
296 248 0 0 
312 248 1 0 
328 248 1 0 
344 248 1 0 
8 264 0 -1 
24 264 0 0 
40 264 0 0 
56 264 0 0 
72 264 0 0 
88 264 3 -1 
104 264 4 -2 
120 264 4 -1 
136 264 3 -2 
152 264 4 -2 
168 264 4 -2 
184 264 4 -2 
200 264 2 -7 
216 264 -7 -6 
232 264 4 -1 
248 264 7 -7 
264 264 3 -1 
280 264 -6 -4 
296 264 1 0 
312 264 1 0 
328 264 1 0 
344 264 0 0 
8 280 0 -1 
24 280 1 0 
40 280 0 0 
56 280 0 0 
72 280 0 0 
88 280 4 -2 
104 280 0 0 
120 280 3 -1 
136 280 3 -2 
152 280 3 -2 
168 280 3 -2 
184 280 2 -1 
200 280 3 -4 
216 280 4 -6 
232 280 4 -3 
248 280 -2 6 
264 280 5 0 
280 280 4 0 
296 280 2 0 
312 280 1 0 
328 280 1 0 
344 280 1 0 
